MSISDN
255763187498
255754480309
255755563392
255757223020
255756189049
255752393085
255754677750
255768621867
255767581399
255752712645
255752451599
255755017213
255745093412
255753171959
255752394046
255756614571
255762187964
255763182265
255769900986
255754972415
255757476047
255767288008
255763977215
255766104336
255756697805
255755037235
255759354242
255753972539
255766468308
255757360205
255766550545
255746645455
255767858282
255766151267
255758077272
255754807295
255755338513
255753418697
255768782006
255766622813
255744900766
255742231850
255759610461
255753532476
255757450563
255767513181
255766656935
255767100926
255753643218
255758294131
255752095061
255765062497
255767387647
255769657949
255766473050
255763231443
255767353516
255757045203
255768887324
255756743901
255754033658
255769104510
255746136785
255765267537
255753737210
255752054095
255768044538
255757754013
255754019621
255756783099
255747200919
255764780433
255754540910
255762496990
255745117113
255754755174
255765799070
255756324094
255768036276
255766151468
255759780517
255759384271
255759264999
255767454897
255759206520
255756539003
255753049005
255764812822
255752860328
255755368300
255754664808
255754838275
255766369922
255754650714
255754885519
255767975293
255756446663
255748500182
255748500563
255767072666
255756671838
255748500163
255748500164
255748500167
255748500168
255748500169
255748500184
255748500185
255748500186
255748500102
255748500400
255748500142
255757882528
255763325773
255748500100
255748500101
255748500105
255748500109
255748500110
255748500111
255748500121
255748500122
255748500123
255748500125
255748500126
255748500131
255748500132
255748500135
255748500138
255748500139
255748500141
255748500143
255748500144
255748500145
255748500147
255748500148
255748500149
255748500152
255748500155
255748500158
255748500160
255748500173
255748500176
255748500177
255748500179
255748500197
255748500200
255748500222
255748500223
255748500234
255748500300
255748500333
255748500350
255748500351
255748500352
255748500353
255748500412
255748500420
255748500450
255748500495
255748500515
255748500520
255748500562
255748500565
255748500567
255769006168
255754888990
255756422185
255655408866
255763731191
255754687785
255756438159
255765186617
255655409031
255755526356
255755526818
255755527257
255755527321
255755527450
255755347902
255755347923
255755347967
255755348172
255755348197
255755348536
255755348427
255755348474
255755348537
255755348602
255752175166
255754078004
255763378095
255754019614
255762053051
255754439709
255748500130
255754382616
255766382227
255756464081
255754599033
255753015997
255758628961
255768977821
255766964701
255742131025
255742131099
255756379502
255754397167
255754443012
255754301759
255767219019
255752120793
255768432425
255764031435
255748500107
255748500159
255767202682
255748500225
255742160829
255748500201
255754630662
255744945561
255746514563
255762687249
255757988117
255754893872
255767032011
255763551071
255767206191
255767383727
255753616325
255748500140
255766335098
255755947740
255754863955
255753196757
255754069287
255754408266
255754018337
255754333220
255754647302
255765537281
255756800625
255764974776
255769229562
255753722279
255754637910
255752999446
255767230894
255745180176
255756492747
255748500464
255764111642
255765756810
255754468088
255754357010
255769001099
255769074818
255748500133
255753928499
255766597158
255752831343
255748500108
255757907676
255758868682
255762003416
255759625991
255757742754

