MSISDN
255754062695
255753270209
255754321369
255755998930
255748566636
255754370922
255754329031
255757719573
255765873834
255754098306
255754051233
255754329258
255748566606
255755864585
255755730732
255748566652
255748566580
255748566630
255748566582
255748566628
255748566594
255748566641
255748566595
255765836325
255748566591
255748566588
255753984110
255753940873
255748566656
255755538536
255748566604
255747205285
255742755838
255746202016
255748566622
255748566633
255748566614
255758173426
255745598786
255745599063
255756949379
255754037252
255754264797
255754269112
255755782115
255748566632
255754261378
255748566590
255757719726
255755200697
255756000494
255748566608
255767111612
255748566631
255748566593
255687740659
255748566598
255758173433
255758175004
255758175013
255748566616
255748566609
255784126690
255756061611
255748566581
255748566600
255765834476
255748566599
255767665238
255783942924
255748566617
255756949347
255754265214
255754057185
255748566589
255748566619
255748566587
255753489883
255754284086
255744940252
255746303025
255758399158
255748566634
255748566653
255748566626
255754200779
255754269132
255746737300
255748566597
255754284609
255748566615
255748566585
255748566613
255762287722
255755099923
255748566624
255748566651
255699829990
255748566592
255748566657
255748566618
255767891894
255748566596
255754292080
255748566603
255748566583
255693011340
255754020343
255755772105
255754312870
255747308636
255753983977
255748566623
255748566610
255748566621
255745599023
255748566602
255748566635
255785557517
255748566601
255748566586
255748566607
255748566584
255754328375
255754265700
255752800010
255755538405
255754020509
255754265100
255745598901
255754020617
255754328807
255755835324
255753138545
255754328528
255754212891
255755519390
255754098201
255755853084
255745598903
255754315673
255748566629
255743171086
255748566620
255742755839
255753350085
255756046768
255757720003
255754375093
